              precision    recall  f1-score   support

           0     0.6740    0.6875    0.6807       400
           1     0.5901    0.5075    0.5457       400
           2     0.8551    0.9150    0.8841       400
           3     0.9632    0.9825    0.9728       400
           4     0.9489    0.8825    0.9145       400
           5     0.9337    0.8800    0.9060       400
           6     0.9249    0.9550    0.9397       400
           7     0.9496    0.9900    0.9694       400
           8     0.9051    0.9300    0.9174       400
           9     0.6123    0.9200    0.7353       400
           A     0.9537    0.9775    0.9654       400
           B     0.9650    0.9650    0.9650       400
           C     0.9602    0.9650    0.9626       400
           D     0.8545    0.9400    0.8952       400
           E     0.9724    0.9700    0.9712       400
           F     0.7138    0.5425    0.6165       400
           G     0.9358    0.9475    0.9416       400
           H     0.9510    0.9700    0.9604       400
           I     0.5618    0.7050    0.6253       400
           J     0.8960    0.9475    0.9210       400
           K     0.9673    0.9600    0.9636       400
           L     0.5797    0.5725    0.5761       400
           M     0.9653    0.9750    0.9701       400
           N     0.9354    0.9775    0.9560       400
           O     0.7143    0.6375    0.6737       400
           P     0.9623    0.9575    0.9599       400
           Q     0.9271    0.9225    0.9248       400
           R     0.9330    0.9750    0.9535       400
           S     0.8795    0.9125    0.8957       400
           T     0.9233    0.9325    0.9279       400
           U     0.9333    0.8750    0.9032       400
           V     0.8351    0.9625    0.8943       400
           W     0.9949    0.9800    0.9874       400
           X     0.9895    0.9450    0.9668       400
           Y     0.9109    0.8950    0.9029       400
           Z     0.8922    0.9100    0.9010       400
           a     0.8851    0.8475    0.8659       400
           b     0.9648    0.8900    0.9259       400
           d     0.9722    0.9625    0.9673       400
           e     0.9724    0.9675    0.9699       400
           f     0.6105    0.7250    0.6629       400
           g     0.8221    0.5775    0.6784       400
           h     0.9517    0.9350    0.9433       400
           n     0.9372    0.9325    0.9348       400
           q     0.7956    0.4475    0.5728       400
           r     0.9497    0.9450    0.9474       400
           t     0.8937    0.8825    0.8881       400

    accuracy                         0.8741     18800
   macro avg     0.8770    0.8741    0.8724     18800
weighted avg     0.8770    0.8741    0.8724     18800
