              precision    recall  f1-score   support

           0     0.9919    0.9990    0.9954       980
           1     0.9939    0.9982    0.9960      1135
           2     0.9932    0.9922    0.9927      1032
           3     0.9911    0.9960    0.9936      1010
           4     0.9969    0.9888    0.9928       982
           5     0.9899    0.9888    0.9893       892
           6     0.9979    0.9896    0.9937       958
           7     0.9893    0.9893    0.9893      1028
           8     0.9938    0.9949    0.9944       974
           9     0.9871    0.9871    0.9871      1009

    accuracy                         0.9925     10000
   macro avg     0.9925    0.9924    0.9924     10000
weighted avg     0.9925    0.9925    0.9925     10000
